-59036017
-193475967
629433959
-170430464
-76498312
-144808247
-29805628
-169808048
-142136068
-30384822
-190267619
-195793515
-25366242
-176835765
-169291039
-142504083
-33077374
572427984
-188749228
-68832898
-200829335
-99954067
-181318686
-199053603
-199053603
-112069201
-180930022
-63394322
-200829335
-99954067
-53418783
-147115743
161340418
-53836441
-175255130
-169061920
-202303018
261416141
-183546654
-202526637
-175877371
-190677626
65375640
92035558
-141226033
218985894
-202220430
-7771829
-2265966
-47456835
-71542432
532132984
-46870626
-186722829
-199196272
598726440
144033872
-177808291
-170895759
-118196056
-186612807
-202143269
172805794
497176706
-155078651
-53715465
502721676
-112909498
-80714470
-189232159
579902793
68949937
-57033168
432097529
-79535876
-174855703
-189728823
-160721980
-170523010
-88436696
59135222
-30407347
-128647521
546529861
-30407347
-43511506
-189529066
276366399
-186828727
-5945133
-194347939
-95858189
396970154
-188338699
517905897
233021024
-90783270
-201339033
422399217
233057353
-150807195
425335577
627603419
188188852
-180187059
-190429562
-168409071
598193403
-198995982
-29148589
-70929721
-50667602
-15758626
-52345811
-194479393
246791108
-35822962
-199229093
173137041
-181685318
-150234457
-162056980
-150234457
-196110483
-171763126
-202323211
-53945660
-172892947
-195244832
-22787499
-186185914
-31006326
415291246
-188009907
-182915420
-84197863
-136753778
-116705
539029958
-174516218
585634403
-28576880
-115705925
-28775395
-201194769
-178181344
-153418797
-17633464
-77518968
604823502
67567343
-172135100
53880713
-78329691
-199072013
-80285359
-119059741
-189581634
-144296670
-145316206
-54463293
-40630500
-202733239
179446818
-143969140
-40167434
-169803406
-185559486
-58191426
-38047658
-11607892
-137182362
-78725683
-175508397
-31755208
-37435966
185675744
182833496
-196325098
394699669
-46180447
-180870535
373597185
-184710676
-179185215
-190372090
-195669123
-34721775
-201810953
-180259099
-193698496
-27677542
-158745939
-193698496
-118244683
-36508769
-66968724
-152840112
-201156536
3757917
601210862
-85052601
-170328065
-93561105
-188468307
-77382683
-111030342
-89692909
-116592080
-100835247
-72333600
-155567096
-193637342
-125409659
-188873793
-139588688
-139588688
-25622053
-40004956
-155145227
-171919124
-76988535
-171919124
-172371900
-72816088
-158785149
-190514893
-132669161
-162393791
-107029201
520913036
-114402908
-48633794
-163846698
-200832577
-202537402
-194038572
-202972443
-158316545
-158316545
-158316545
-126259725
-126259725
-126259725
-126259725
-126259725
216055002
594834483
-14296872
-200890207
494460614
-185852839
-42198794
-49685098
-178436696
-193129821
583353855
-71095560
-161058432
-935358
-177268203
-118595281
-131653364
-92684444
-188916691
-105203480
-198428765
-42198794
-66394898
-196105601
-202992089
-187993858
-180913282
-139239981
-152941633
-85655
-185180055
10032424
-148736807
636165169
-47766369
-123354186
402806474
-17656847
-192817383
-76225613
-2178627
-163632465
-96202416
-129155749
591024793
-200015201
-49666107
-178462433
-202302129
-126107092
-120755393
-17568841
503964311
-71389342
-161476884
-72163015
-77217372
-87124
-131080411
-189564955
-19803833
39138750
-108621219
-198428699
-2167960
-199824565
-173999652
2269139
-172135002
-200124477
-38052070
-46557441
-187840267
-182961845
-145596
-107312207
487738312
-173053077
-88771274
-31328348
-155513448
-186108534
-148570360
-125021583
534612431
-173053077
579563935
-46470619
-202766925
-201810608
-96225599
-131807655
-66713557
-160058304
-158533970
-192165080
12674548
-56429667
-32444926
-153075440
-103896570
-50480745
-843381
642360417
-34294379
-53872772
589287745
-185413317
-86207694
-188951382
-182685944
-162908540
-160058304
-65751089
-192165080
-190474729
-179615091
-179615091
349529262
-176351755
-116662690
-42337308
-52389266
-99626804
-83631845
-189014379
-161193561
-62351404
-115939219
-37094684
-42864850
-202824317
-120149461
-124990407
-20677744
-161711846
-131959609
592915004
-114989405
-53545619
-70419166
-42706598
-92977463
-131959609
-89594340
-162637521
-48293966
-26518029
-726232
-184982305
-18876404
361180160
-200086378
-175108190
-192596188
-150950321
-201816965
-194224041
-49293004
-153140821
-62261761
-69472063
-97675304
463183756
-42500370
-1791126
-171918109
-201816965
-98550899
-201816932
5920686
-113106260
-191992059
463183756
-15304213
297179633
-27959558
-92464446
-86679339
9868970
534851540
-159896066
-202608126
-65194183
-3976508
-96866521
-130517592
405447695
-65194183
-159896066
-67998936
-19935772
-43511152
-187421469
-1578261
-109011957
-83282521
-21169212
-152680858
-189974126
534851540
-6775
-96866521
-75202781
-163888474
-96105044
-60356923
-20490688
-18740442
-171519522
-160131599
-202984826
-144089859
-22895446
-117648045
-27959558
-203172468
-203170147
-193035546
-92464446
-3976508
-148096853
-87539734
-196333095
-184390939
-113915161
-191998113
-135230596
1450523
-28636441
-40091641
-86022846
355772162
-160433968
642308553
-12892744
-203190081
-39437155
1450523
-128280636
-113915161
-160433968
-82053713
-31509479
-51001661
-111501843
549835468
-189584555
-203049015
-194019476
-99355935
-130071558
-201164147
-32837063
-84923713
-78839060
-174333376
-64314194
-85565858
-101057757
-27985680
-159942532
-28174864
-118303368
-16143808
-126546842
-195436156
-202544694
-185436182
-58213457
229062634
316186324
78800031
-155653856
-184612499
-17616410
-6612849
172898401
-202687389
-45636705
-87605831
-104527285
-141636215
-4556752
-178587755
-192047670
-195756729
-164602555
-1619311
-77945457
-28819429
-89457614
-183814662
-56786071
-177091570
598427439
-86129047
447735837
-31018671
-180785610
-32600374
-191664144
-160588866
-172807167
572687648
-133548130
-126677588
-41606570
-40433387
-187665808
-154019401
-62356241
-89298376
281453303
-156382339
-24337669
-62452306
-195195800
-201703611
-196129510
-36537606
-77945457
-35141874
-89457614
-38261271
-73619765
-131452253
-192137141
633774542
-40202469
-978391
-191664144
-172807167
572687648
-150443693
-182038368
-157027529
-157027529
-152565114
-127395502
-83465546
-27692755
-180356993
-2900818
-1939774
11476782
-133089285
-198159505
-104812755
-27671168
-133685695
-22075298
-66585961
-182072639
-63407219
-95505054
-121945293
-66585961
-120225199
-96852250
-100077962
-58235590
-120225199
-119246212
182087825
-84223857
-200230585
-147990854
-190231909
-191615351
-23326715
-10015461
-125632786
479386459
-163158707
399640979
-161621027
-28414014
-79784235
-97701123
-165624215
-23700090
-77042370
-200218928
-183778701
-43342159
-174340778
-66036248
-144340073
-138634114
-153514604
-114996616
-79784235
-187719705
-163046331
-107778432
-172920654
-165624215
-48790436
-195132699
607858004
-53594871
-188762803
-30291005
-16479782
-134423
-107778432
-126506588
-61530401
-163641017
-126323035
-53835167
-174555242
199710244
-162349287
-186392192
-99098499
-182390029
377282928
590871027
-200154143
545802166
-201746979
-99542556
-94960691
-198033143
-163646111
-203196044
-178743739
-68223080
546461861
8355525
-174582348
-104883415
-187833300
-58213971
5293105
-197085608
-163407066
-65245076
-199987451
-139601619
-179458120
-167010799
630182774
-28721618
339047362
-175242570
-148303345
301354842
-78477831
159306997
110801466
587493069
-74046814
-172533914
-199287824
-27864509
-152765945
-179280129
-61230301
-189880893
-55529278
-97971313
-180210315
-151324538
152749307
-192367038
592426395
-2975622
-92160722
-176986066
-161400922
-201063584
-96406307
-202129967
392406200
-200434721
-200434721
631849263
-181138873
-170929324
-134548862
-152640309
